[gd_scene load_steps=19 format=3 uid="uid://btjijot4c801v"]

[ext_resource type="Texture2D" uid="uid://bv2y5e7tfh7qe" path="res://addons/kenney_prototype_textures/purple/texture_01.png" id="1_8tg25"]
[ext_resource type="PackedScene" uid="uid://dqy4c57ghd41i" path="res://Actors/Player/player.tscn" id="2_xnxel"]
[ext_resource type="PackedScene" uid="uid://dj6uunu4mssmn" path="res://Actors/Enemy/Enemy.tscn" id="3_ekqdv"]
[ext_resource type="Texture2D" uid="uid://cqsab8reno8mt" path="res://addons/kenney_prototype_textures/orange/texture_01.png" id="4_hbf3x"]
[ext_resource type="PackedScene" uid="uid://dp3ao61ldxjvh" path="res://Actors/AiEnemy/AiEnemy.tscn" id="5_ppe6u"]
[ext_resource type="PackedScene" uid="uid://c705nchj22gd5" path="res://Actors/BlenderEnemy/BlenderEnemy.tscn" id="6_sgnd6"]
[ext_resource type="Texture2D" uid="uid://cw5jeao8eqky5" path="res://addons/kenney_prototype_textures/orange/texture_02.png" id="7_s5inq"]
[ext_resource type="Texture2D" uid="uid://2oj5ijo1ebrl" path="res://addons/kenney_prototype_textures/light/texture_02.png" id="8_2i2a7"]
[ext_resource type="PackedScene" uid="uid://bgx45e0mxvfwf" path="res://Actors/LimboAiEnemy/LimboAiEnemy.tscn" id="9_8jvgd"]

[sub_resource type="ProceduralSkyMaterial" id="ProceduralSkyMaterial_0n0sm"]
sky_top_color = Color(0.530612, 0.340753, 0.723176, 1)
sky_horizon_color = Color(0.8072, 0.613718, 0.389414, 1)
sky_curve = 0.102453
ground_bottom_color = Color(0.261153, 0.145328, 0.37449, 1)
ground_horizon_color = Color(0.807843, 0.611765, 0.388235, 1)
ground_curve = 0.00353551

[sub_resource type="Sky" id="Sky_iurwf"]
sky_material = SubResource("ProceduralSkyMaterial_0n0sm")

[sub_resource type="Environment" id="Environment_4mnrn"]
background_mode = 2
sky = SubResource("Sky_iurwf")
ambient_light_source = 3
reflected_light_source = 2
tonemap_mode = 2
fog_enabled = true
fog_light_color = Color(0.484585, 4.28364e-06, 0.320639, 1)
fog_sky_affect = 0.035

[sub_resource type="NavigationMesh" id="NavigationMesh_14v7i"]
vertices = PackedVector3Array(-16.5, 0.5, 7, -8, 0.5, -7.5, -8, 0.5, -16, -32, 0.5, -16, -32, 0.5, 7, -8.5, 0.5, 14.25, -8.75, 0.5, 16, -8, 0.5, 16.25, 0, 0.5, 16, -1.25, 0.5, 10, -2, 0.5, 9.25, 2, 0.5, 6.75, 3.75, 0.5, 6.5, 4, 0.5, 5.5, 1.25, 0.5, 6, -7.75, 0.5, -7, -16, 0.5, 7.25, -1.25, 0.5, 6, 7, 0.5, 3.75, 7, 0.5, -7, -16, 0.5, 15, -12.75, 0.5, 15, -12.75, 0.5, 14, -11.75, 0.5, 13, 0, 0.5, 10, -9.5, 0.5, 13, -2, 0.5, 6.75, 8, 2, -2, 8, 2, 3.25, 9, 2, 3.25, 9, 2, -2, 2, 0.5, 9.25, 6.25, 0.5, 10.75, 7, 0.5, 16, 7, 0.5, 11, 1.25, 0.5, 10, -1, 1.5, 7.25, -0.75, 1.5, 9, 1, 1.5, 8.75, 0.75, 1.5, 7, 10, 2.25, 7, 10.25, 2.25, 8, 10.75, 2.25, 8, -10, 1.5, 14, -11.25, 1.5, 14, -11.75, 1.5, 14.5, -11.5, 1.5, 16, -10, 1.5, 16, -9.5, 1.5, 15.25, -9.5, 0.5, 17, -8, 0.5, 20.75, -7.75, 0.5, 24, -7.5, 0.5, 21, -12.5, 0.5, 16.5, -11.25, 0.5, 17.25, -16, 0.5, 24, -0.25, 0.5, 29, -0.25, 0.5, 27.75, -1.75, 0.5, 27.5, -7, 0.5, 29, -1.75, 0.5, 22.75, -0.25, 0.5, 22.5, -0.25, 0.5, 21, -7, 0.5, 24.25, -2.75, 0.5, 24, -2.5, 0.5, 26.75, 1.25, 0.5, 27.5, 7, 0.5, 29, 1.25, 0.5, 22.75, 7, 0.5, 21, 2.5, 0.5, 24.75, 2.25, 0.5, 26.5, 0.25, 1.5, 23.5, -1.25, 1.5, 23.75, -1.75, 1.5, 24.5, -1.25, 1.5, 26.5, 0, 1.5, 26.75, 1.25, 1.5, 26, 1.25, 1.5, 24.25)
polygons = [PackedInt32Array(1, 0, 2), PackedInt32Array(2, 0, 4), PackedInt32Array(2, 4, 3), PackedInt32Array(6, 5, 7), PackedInt32Array(7, 5, 8), PackedInt32Array(8, 5, 9), PackedInt32Array(9, 5, 10), PackedInt32Array(12, 11, 13), PackedInt32Array(13, 11, 14), PackedInt32Array(16, 0, 17), PackedInt32Array(17, 0, 15), PackedInt32Array(17, 15, 18), PackedInt32Array(18, 15, 19), PackedInt32Array(22, 21, 20), PackedInt32Array(22, 20, 23), PackedInt32Array(23, 20, 16), PackedInt32Array(14, 17, 13), PackedInt32Array(13, 17, 18), PackedInt32Array(9, 24, 8), PackedInt32Array(23, 16, 25), PackedInt32Array(25, 16, 26), PackedInt32Array(26, 16, 17), PackedInt32Array(0, 1, 15), PackedInt32Array(5, 25, 10), PackedInt32Array(10, 25, 26), PackedInt32Array(30, 29, 27), PackedInt32Array(27, 29, 28), PackedInt32Array(11, 12, 31), PackedInt32Array(31, 12, 32), PackedInt32Array(34, 33, 32), PackedInt32Array(32, 33, 35), PackedInt32Array(35, 33, 24), PackedInt32Array(24, 33, 8), PackedInt32Array(35, 31, 32), PackedInt32Array(39, 38, 36), PackedInt32Array(36, 38, 37), PackedInt32Array(42, 41, 40), PackedInt32Array(44, 43, 45), PackedInt32Array(45, 43, 48), PackedInt32Array(45, 48, 47), PackedInt32Array(45, 47, 46), PackedInt32Array(6, 7, 49), PackedInt32Array(49, 7, 50), PackedInt32Array(50, 52, 51), PackedInt32Array(20, 21, 53), PackedInt32Array(53, 54, 20), PackedInt32Array(20, 54, 50), PackedInt32Array(20, 50, 51), PackedInt32Array(20, 51, 55), PackedInt32Array(54, 49, 50), PackedInt32Array(57, 56, 58), PackedInt32Array(58, 56, 59), PackedInt32Array(62, 61, 60), PackedInt32Array(51, 52, 63), PackedInt32Array(63, 52, 60), PackedInt32Array(60, 52, 62), PackedInt32Array(60, 64, 63), PackedInt32Array(65, 58, 59), PackedInt32Array(64, 65, 63), PackedInt32Array(63, 65, 59), PackedInt32Array(57, 66, 56), PackedInt32Array(56, 66, 67), PackedInt32Array(61, 62, 68), PackedInt32Array(68, 62, 69), PackedInt32Array(68, 69, 70), PackedInt32Array(67, 66, 71), PackedInt32Array(71, 70, 67), PackedInt32Array(67, 70, 69), PackedInt32Array(72, 74, 73), PackedInt32Array(76, 75, 77), PackedInt32Array(77, 75, 78), PackedInt32Array(78, 75, 72), PackedInt32Array(72, 75, 74)]
agent_height = 2.0
agent_radius = 0.4
agent_max_climb = 0.0

[sub_resource type="StandardMaterial3D" id="StandardMaterial3D_1tw7y"]
albedo_texture = ExtResource("1_8tg25")
uv1_triplanar = true

[sub_resource type="StandardMaterial3D" id="StandardMaterial3D_kyl3t"]
albedo_texture = ExtResource("4_hbf3x")
uv1_triplanar = true

[sub_resource type="StandardMaterial3D" id="StandardMaterial3D_b8207"]
albedo_texture = ExtResource("7_s5inq")
uv1_triplanar = true

[sub_resource type="StandardMaterial3D" id="StandardMaterial3D_cxq25"]
albedo_texture = ExtResource("8_2i2a7")
uv1_triplanar = true

[sub_resource type="PrismMesh" id="PrismMesh_4cgrq"]
left_to_right = 0.0
size = Vector3(5, 2, 5)

[node name="DebugLevel" type="Node3D"]

[node name="Player" parent="." instance=ExtResource("2_xnxel")]
transform = Transform3D(1, 0, 0, 0, 1, 0, 0, 0, 1, -0.276685, -4.76837e-07, -0.301974)

[node name="Sun" type="DirectionalLight3D" parent="."]
transform = Transform3D(0.258819, -0.683013, 0.683013, 0, 0.707107, 0.707107, -0.965926, -0.183013, 0.183013, 0, 6, 0)
light_color = Color(0.8285, 0.79, 1, 1)
shadow_enabled = true
shadow_blur = 3.0

[node name="WorldEnvironment" type="WorldEnvironment" parent="."]
environment = SubResource("Environment_4mnrn")

[node name="Enemy" parent="." instance=ExtResource("3_ekqdv")]
transform = Transform3D(0.884825, 0, 0.465923, 0, 1, 0, -0.465923, 0, 0.884825, 7.03326, 0, 13.3096)

[node name="Enemy2" parent="." instance=ExtResource("3_ekqdv")]
transform = Transform3D(-0.583243, 0, 0.812297, 0, 1, 0, -0.812297, 0, -0.583243, 5.83351, -4.76837e-07, 14.9016)
is_attacking = true

[node name="Enemy3" parent="." instance=ExtResource("3_ekqdv")]
transform = Transform3D(0.876172, 0, 0.481999, 0, 1, 0, -0.481999, 0, 0.876172, 4.33995, 0, 16.0439)
is_attacking = true

[node name="AiEnemy" parent="." instance=ExtResource("5_ppe6u")]
transform = Transform3D(0.694834, 0, 0.719171, 0, 1, 0, -0.719171, 0, 0.694834, 7.27224, 4.76837e-07, 15.2836)

[node name="BlenderEnemy" parent="." instance=ExtResource("6_sgnd6")]
transform = Transform3D(-0.997574, 0, -0.0696174, 0, 1, 0, 0.0696174, 0, -0.997574, 8.0936, 1.50364, -0.778993)

[node name="BlenderEnemy2" parent="." instance=ExtResource("6_sgnd6")]
transform = Transform3D(0.0724549, 0, -0.997372, 0, 1, 0, 0.997372, 0, 0.0724549, -15.7601, 0, 9.70392)

[node name="BlenderEnemy3" parent="." instance=ExtResource("6_sgnd6")]
transform = Transform3D(-0.38107, 0, -0.924546, 0, 1, 0, 0.924546, 0, -0.38107, -15.254, -9.53674e-07, 8.21021)

[node name="BlenderEnemy4" parent="." instance=ExtResource("6_sgnd6")]
transform = Transform3D(0.72523, 0, -0.688506, 0, 1, 0, 0.688506, 0, 0.72523, -15.2732, 4.76837e-07, 11.0966)

[node name="Level" type="Node3D" parent="."]

[node name="NavigationRegion3D" type="NavigationRegion3D" parent="Level"]
navigation_mesh = SubResource("NavigationMesh_14v7i")

[node name="CSGBox3D" type="CSGBox3D" parent="Level/NavigationRegion3D"]
transform = Transform3D(1, 0, 0, 0, 1, 0, 0, 0, 1, 0, -1, 0)
material_override = SubResource("StandardMaterial3D_1tw7y")
cast_shadow = 0
use_collision = true
collision_mask = 0
size = Vector3(15, 2, 15)

[node name="CSGBox3D6" type="CSGBox3D" parent="Level/NavigationRegion3D"]
transform = Transform3D(1, 0, 0, 0, 1, 0, 0, 0, 1, -20, -1, -4.5)
material_override = SubResource("StandardMaterial3D_1tw7y")
cast_shadow = 0
use_collision = true
collision_mask = 0
size = Vector3(25, 2, 24)

[node name="CSGBox3D2" type="CSGBox3D" parent="Level/NavigationRegion3D"]
transform = Transform3D(1, 0, 0, 0, 1, 0, 0, 0, 1, 8.5, 0, 1)
material_override = SubResource("StandardMaterial3D_kyl3t")
use_collision = true
size = Vector3(2, 3, 7)

[node name="CSGCylinder3D" type="CSGCylinder3D" parent="Level/NavigationRegion3D"]
transform = Transform3D(1, 0, 0, 0, 1, 0, 0, 0, 1, 0, 0.5, 8)
use_collision = true
radius = 1.5
height = 1.0
sides = 12

[node name="CSGCylinder3D2" type="CSGCylinder3D" parent="Level/NavigationRegion3D"]
transform = Transform3D(1, 0, 0, 0, 1, 0, 0, 0, 1, -10.6655, 0.5, 15.0401)
use_collision = true
radius = 1.5
height = 1.0
sides = 12

[node name="CSGCylinder3D3" type="CSGCylinder3D" parent="Level/NavigationRegion3D"]
transform = Transform3D(1, 0, 0, 0, 1, 0, 0, 0, 1, -0.225693, 0.5, 25.0972)
use_collision = true
radius = 2.0
height = 1.0
sides = 12

[node name="CSGBox3D3" type="CSGBox3D" parent="Level/NavigationRegion3D"]
transform = Transform3D(1, 0, 0, 0, 1, 0, 0, 0, 1, 0, -0.5, 12)
use_collision = true
size = Vector3(15, 1, 9)
material = SubResource("StandardMaterial3D_b8207")

[node name="CSGBox3D5" type="CSGBox3D" parent="Level/NavigationRegion3D"]
transform = Transform3D(1, 0, 0, 0, 1, 0, 0, 0, 1, 0, -0.5, 25)
use_collision = true
size = Vector3(15, 1, 9)
material = SubResource("StandardMaterial3D_b8207")

[node name="CSGBox3D4" type="CSGBox3D" parent="Level/NavigationRegion3D"]
transform = Transform3D(1, 0, 0, 0, 1, 0, 0, 0, 1, -12, -0.5, 16)
use_collision = true
size = Vector3(9, 1, 17)
material = SubResource("StandardMaterial3D_b8207")

[node name="CSGMesh3D" type="CSGMesh3D" parent="Level/NavigationRegion3D"]
transform = Transform3D(-0.849442, 0, -0.527682, 0, 1, 0, 0.527682, 0, -0.849442, 7.37199, 1, 7.32689)
material_override = SubResource("StandardMaterial3D_cxq25")
use_collision = true
collision_mask = 0
mesh = SubResource("PrismMesh_4cgrq")

[node name="CSGMesh3D3" type="CSGMesh3D" parent="Level/NavigationRegion3D"]
transform = Transform3D(-0.849442, 0, -0.527682, 0, 1, 0, 0.527682, 0, -0.849442, 10.9964, 2.2378, 5.81187)
material_override = SubResource("StandardMaterial3D_cxq25")
use_collision = true
collision_mask = 0
mesh = SubResource("PrismMesh_4cgrq")

[node name="CSGMesh3D2" type="CSGMesh3D" parent="Level/NavigationRegion3D"]
transform = Transform3D(-0.960444, 0, 0.278471, 0, 1, 0, -0.278471, 0, -0.960444, 10.4381, 1.71335, 8.78604)
material_override = SubResource("StandardMaterial3D_cxq25")
use_collision = true
collision_mask = 0
mesh = SubResource("PrismMesh_4cgrq")

[node name="CSGMesh3D4" type="CSGMesh3D" parent="Level/NavigationRegion3D"]
transform = Transform3D(-0.960444, 0, 0.278471, 0.0650882, 0.972301, 0.224488, -0.270758, 0.233734, -0.933841, 13.1895, 2.53663, 8.73032)
material_override = SubResource("StandardMaterial3D_cxq25")
use_collision = true
collision_mask = 0
mesh = SubResource("PrismMesh_4cgrq")

[node name="CSGCylinder3D4" type="CSGCylinder3D" parent="Level/NavigationRegion3D"]
transform = Transform3D(1, 0, 0, 0, 1, 0, 0, 0, 1, -19, 0.125, -7)
use_collision = true
height = 0.25

[node name="CSGCylinder3D5" type="CSGCylinder3D" parent="Level/NavigationRegion3D"]
transform = Transform3D(1, 0, 0, 0, 1, 0, 0, 0, 1, -20.635, 0.175, -6.29033)
use_collision = true
height = 0.35

[node name="CSGCylinder3D6" type="CSGCylinder3D" parent="Level/NavigationRegion3D"]
transform = Transform3D(1, 0, 0, 0, 1, 0, 0, 0, 1, -21.9289, 0.225, -4.78425)
use_collision = true
height = 0.45

[node name="CSGCylinder3D7" type="CSGCylinder3D" parent="Level/NavigationRegion3D"]
transform = Transform3D(1, 0, 0, 0, 1, 0, 0, 0, 1, -23.6984, 0.275, -3.19645)
use_collision = true
height = 0.55

[node name="CSGCylinder3D8" type="CSGCylinder3D" parent="Level/NavigationRegion3D"]
transform = Transform3D(1, 0, 0, 0, 1, 0, 0, 0, 1, -25.8322, 0.325, -2.33748)
use_collision = true
height = 0.65

[node name="CSGCylinder3D9" type="CSGCylinder3D" parent="Level/NavigationRegion3D"]
transform = Transform3D(1, 0, 0, 0, 1, 0, 0, 0, 1, -27.854, 0.375, -1.80434)
use_collision = true
height = 0.75

[node name="LimboAiEnemy" parent="Level" instance=ExtResource("9_8jvgd")]
transform = Transform3D(-0.999992, 0, -0.00394454, 0, 1, 0, 0.00394454, 0, -0.999992, -0.192311, 0, -4.83053)

[node name="LimboAiEnemy4" parent="Level" instance=ExtResource("9_8jvgd")]
transform = Transform3D(-0.0688163, 0, 0.997629, 0, 1, 0, -0.997629, 0, -0.0688163, 6.51415, 9.53674e-07, 21.2044)

[node name="LimboAiEnemy5" parent="Level" instance=ExtResource("9_8jvgd")]
transform = Transform3D(0.194953, 0, 0.980812, 0, 1, 0, -0.980812, 0, 0.194953, 6.51415, 9.53674e-07, 23.0824)

[node name="LimboAiEnemy6" parent="Level" instance=ExtResource("9_8jvgd")]
transform = Transform3D(-0.0176095, 0, 0.999845, 0, 1, 0, -0.999845, 0, -0.0176095, 6.51415, 9.53674e-07, 24.5186)

[node name="LimboAiEnemy7" parent="Level" instance=ExtResource("9_8jvgd")]
transform = Transform3D(0.362064, 0, 0.932153, 0, 1, 0, -0.932153, 0, 0.362064, 6.51415, 9.53674e-07, 26.1696)

[node name="LimboAiEnemy8" parent="Level" instance=ExtResource("9_8jvgd")]
transform = Transform3D(0.109127, 0, -0.994028, 0, 1, 0, 0.994028, 0, 0.109127, 2.76356, 9.53674e-07, 25.9927)

[node name="LimboAiEnemy9" parent="Level" instance=ExtResource("9_8jvgd")]
transform = Transform3D(-0.67247, 0, -0.740124, 0, 1, 0, 0.740124, 0, -0.67247, 2.26385, 9.53674e-07, 27.1624)

[node name="LimboAiEnemy10" parent="Level" instance=ExtResource("9_8jvgd")]
transform = Transform3D(0.916027, 0, 0.401117, 0, 1, 0, -0.401117, 0, 0.916027, 4.75212, 9.53674e-07, 28.4326)

[node name="LimboAiEnemy2" parent="Level" instance=ExtResource("9_8jvgd")]
transform = Transform3D(-0.783509, 0, -0.62138, 0, 1, 0, 0.62138, 0, -0.783509, -5.07268, 0, -5.75918)

[node name="LimboAiEnemy3" parent="Level" instance=ExtResource("9_8jvgd")]
transform = Transform3D(-0.660002, 0, 0.751264, 0, 1, 0, -0.751264, 0, -0.660002, 4.88301, 0, -5.75918)
